1 1.78 (3.00)
2 1.45 (2.33)
3 1.50 (1.50)
4 1.54 (1.59)
5 1.61 (1.88)
6 1.71 (2.50)
7 3.47 (2.60)
8 1.72 (2.20)
9 1.61 (1.60)
10 2.41 (2.43)
11 2.04 (2.14)
12 1.88 (1.88)
13 2.33 (2.25)
14 2.47 (2.40)
15 2.73 (2.60)
16 2.29 (2.30)
17 2.41 (2.36)
18 2.62 (2.62)
19 2.68 (2.77)
20 2.80 (2.79)
21 2.72 (2.64)
22 3.22 (3.21)
23 3.88 (3.79)
24 4.12 (3.67)
25 3.86 (3.79)
26 4.00 (4.00)
27 4.22 (3.93)
28 4.24 (4.00)
29 4.43 (4.44)
30 4.25 (4.25)
31 4.18 (3.00)
32 4.00 (4.00)
33 4.00 (4.00)
34 4.00 (4.00)
35 4.03 (3.75)
