1 1.69 (3.00)
2 1.40 (2.33)
3 1.44 (1.50)
4 1.52 (1.59)
5 1.51 (1.88)
6 1.47 (2.50)
7 4.31 (2.60)
8 1.62 (2.20)
9 1.57 (1.60)
10 2.45 (2.43)
11 1.85 (2.14)
12 1.87 (1.88)
13 2.44 (2.25)
14 2.56 (2.40)
15 2.71 (2.60)
16 2.32 (2.30)
17 2.54 (2.36)
18 2.61 (2.62)
19 2.61 (2.77)
20 2.78 (2.79)
21 2.77 (2.64)
22 3.22 (3.21)
23 4.04 (3.79)
24 4.08 (3.67)
25 3.88 (3.79)
26 4.00 (4.00)
27 4.33 (3.93)
28 4.45 (4.00)
29 4.41 (4.44)
30 4.26 (4.25)
31 4.34 (3.00)
32 4.00 (4.00)
33 4.00 (4.00)
34 3.93 (4.00)
35 4.13 (3.75)
