1 2.97 (3.00)
2 2.34 (2.33)
3 1.50 (1.50)
4 1.58 (1.59)
5 1.86 (1.88)
6 2.48 (2.50)
7 2.64 (2.60)
8 2.22 (2.20)
9 1.59 (1.60)
10 2.41 (2.43)
11 2.13 (2.14)
12 1.87 (1.88)
13 2.25 (2.25)
14 2.42 (2.40)
15 2.60 (2.60)
16 2.30 (2.30)
17 2.36 (2.36)
18 2.62 (2.62)
19 2.76 (2.77)
20 2.80 (2.79)
21 2.67 (2.64)
22 3.22 (3.21)
23 3.79 (3.79)
24 3.85 (3.67)
25 3.79 (3.79)
26 4.00 (4.00)
27 3.94 (3.93)
28 4.02 (4.00)
29 4.43 (4.44)
30 4.26 (4.25)
31 3.02 (3.00)
32 4.00 (4.00)
33 4.00 (4.00)
34 4.00 (4.00)
35 3.74 (3.75)
