1 1.59 (3.00)
2 1.31 (2.33)
3 1.49 (1.50)
4 1.54 (1.59)
5 1.58 (1.88)
6 1.62 (2.50)
7 3.78 (2.60)
8 1.65 (2.20)
9 1.62 (1.60)
10 2.39 (2.43)
11 1.90 (2.14)
12 1.87 (1.88)
13 2.29 (2.25)
14 2.52 (2.40)
15 2.75 (2.60)
16 2.29 (2.30)
17 2.43 (2.36)
18 2.64 (2.62)
19 2.68 (2.77)
20 2.80 (2.79)
21 2.75 (2.64)
22 3.21 (3.21)
23 3.94 (3.79)
24 4.10 (3.67)
25 3.90 (3.79)
26 4.00 (4.00)
27 4.32 (3.93)
28 4.30 (4.00)
29 4.43 (4.44)
30 4.26 (4.25)
31 4.41 (3.00)
32 4.00 (4.00)
33 4.00 (4.00)
34 4.00 (4.00)
35 4.07 (3.75)
