17 16 2
27 16 4
12 18 4
17 22 3
16 7 5
13 32 4
20 16 3
14 17 1
18 16 3
28 2 1
12 2 1
29 19 2
20 24 5
4 33 4
27 9 1
29 24 4
23 8 1
1 24 2
23 19 2
18 23 4
29 14 2
27 10 3
3 20 2
12 34 3
7 23 5
12 10 2
28 23 3
23 35 5
7 5 2
9 23 3
29 27 5
20 6 1
8 22 3
12 12 3
19 13 3
20 29 4
21 30 4
20 18 2
28 29 4
25 35 3
18 3 1
12 29 5
24 15 1
30 22 3
19 5 1
25 17 3
30 8 2
9 35 3
11 7 1
11 15 1
11 8 5
30 19 2
11 6 5
7 8 1
8 13 4
10 4 3
10 6 3
25 16 3
13 13 3
27 7 5
30 18 3
25 3 2
2 21 2
9 13 1
9 14 2
14 28 1
29 21 3
27 15 2
29 29 5
27 25 3
19 27 5
27 30 4
18 13 2
9 8 2
6 21 2
27 19 3
25 22 5
25 20 3
14 25 2
8 29 5
23 17 1
24 26 4
22 11 1
25 1 1
17 25 3
21 13 2
22 20 3
26 31 5
30 27 3
11 27 1
27 12 2
24 35 4
6 10 3
23 14 3
23 20 4
23 21 3
11 1 5
23 22 4
16 10 2
17 5 1
26 23 5
28 20 2
7 14 2
18 4 2
10 13 1
5 35 4
24 13 2
5 29 5
23 4 1
21 17 1
21 20 2
13 35 5
14 23 1
30 11 2
18 26 4
25 34 4
24 19 3
14 27 1
26 30 5
20 19 2
22 12 3
17 4 2
23 5 1
15 26 4
25 19 3
21 5 2
24 28 5
11 11 1
28 22 2
20 10 4
13 15 3
9 34 5
10 7 1
16 15 2
10 5 5
25 25 5
22 28 4
26 29 4
9 9 2
21 16 1
12 25 4
29 18 4
10 19 5
16 9 2
21 15 3
24 23 3
23 11 1
22 22 3
20 34 3
30 12 1
14 7 1
30 29 5
16 20 3
30 5 2
14 14 1
12 35 5
27 14 3
14 21 1
18 14 2
19 23 5
19 19 2
10 28 1
26 10 2
23 10 1
16 14 2
21 27 5
15 15 4
8 30 3
12 5 1
19 30 3
18 9 2
21 25 5
29 22 3
14 11 5
25 30 4
16 4 1
15 4 1
26 5 1
13 4 2
23 12 2
19 20 2
15 25 4
8 14 2
8 21 3
17 9 1
17 11 2
19 11 3
15 23 4
21 28 5
29 12 1
18 18 3
23 29 5
22 25 4
18 28 5
29 6 1
17 12 1
13 18 1
26 12 2
24 5 1
17 28 4
26 14 5
27 29 4
13 17 3
17 17 5
30 28 5
24 22 3
16 27 5
29 15 3
16 17 3
22 18 3
28 4 1
21 34 4
27 22 4
15 30 5
28 18 2
26 22 3
17 29 4
30 25 2
28 28 4
13 20 3
22 23 4
26 15 3
29 30 4
20 30 4
29 28 3
22 5 2
22 4 1
19 16 2
24 17 2
30 34 5
17 18 2
25 18 2
20 22 3
15 18 3
19 4 2
13 5 2
20 4 1
29 4 2
27 21 5
16 25 4
16 29 4
24 21 3
20 21 3
15 16 2
24 25 4
29 17 1
16 19 4
19 17 2
21 29 5
28 15 4
22 17 4
18 27 4
20 28 5
27 5 2
15 22 3
15 5 1
30 21 3
22 16 2
27 4 1
24 30 5
18 29 4
26 25 5
21 18 2
20 20 4
25 23 3
19 21 2
25 28 4
16 5 1
24 20 2
26 21 3
30 4 2
26 4 3
28 25 4
28 30 5
27 28 5
24 16 1
28 19 4
25 4 1
26 19 2
30 20 3
11 2 5
19 18 3
18 20 2
30 23 5
22 21 2
29 25 4
21 21 2
24 27 5
29 20 4
19 22 3
24 4 1
26 28 5
21 19 2
11 35 1
22 27 4
30 30 5
22 29 4
25 27 4
11 31 1
27 23 5
27 27 5
29 23 3
28 27 4
25 29 4
26 27 4
11 5 5
